0	7.986011e-05	2.525181e-06	1.517556e-03	3.650309e-04	7.732807e-05	2.267618e-06	1.826077e-03	5.845733e-04	8.199570e-05	1.663054e-06	1.613088e-03	2.640784e-04	7.608508e-05	2.372382e-06	8.652340e-04	7.779667e-05	
1	7.357456e-05	8.600717e-07	8.219668e-04	5.271369e-04	7.675382e-05	1.145645e-06	2.082326e-03	3.414712e-04	8.299382e-05	2.664794e-06	2.719946e-03	7.715880e-04	7.057480e-05	1.370888e-06	1.170934e-03	6.112009e-04	
2	7.958944e-05	9.979421e-07	2.413661e-03	9.432055e-04	8.668910e-05	1.508483e-06	2.938100e-03	6.552326e-04	9.916963e-05	3.067201e-06	3.103947e-03	4.451666e-04	7.444511e-05	1.445321e-06	2.514608e-03	4.367827e-04	
3	7.660835e-05	2.034869e-06	2.992125e-03	7.184467e-04	8.086811e-05	2.488679e-06	3.479763e-03	1.207034e-03	7.466079e-05	2.455319e-06	2.593808e-03	6.242919e-04	7.983378e-05	2.108718e-06	1.699977e-03	4.589899e-04	
4	9.561751e-05	1.164795e-06	1.996510e-03	7.159133e-04	1.160393e-04	6.850405e-06	1.256241e-03	5.950226e-04	1.507664e-04	4.946732e-06	1.350917e-03	2.405008e-04	8.163332e-05	6.489554e-06	1.970625e-03	7.144798e-04	
6	6.900091e-05	1.255619e-06	3.375575e-03	2.792834e-04	6.996863e-05	1.335340e-06	2.389893e-03	6.754262e-04	6.627459e-05	3.664939e-06	2.707152e-03	4.214641e-04	5.939566e-05	1.011538e-06	1.475816e-03	3.402983e-04	
8	6.307436e-05	4.904180e-06	1.471025e-03	9.536391e-04	6.763313e-05	3.436470e-06	3.143967e-03	4.557617e-04	6.152039e-05	3.113674e-06	3.475093e-03	1.124747e-03	6.886420e-05	3.177125e-06	1.409616e-03	3.751764e-04	
9	8.084318e-05	1.354130e-06	3.974102e-03	1.489831e-04	9.675760e-05	2.126794e-06	2.534015e-03	3.371117e-04	9.039463e-05	4.296197e-06	3.458540e-03	7.837176e-04	7.034297e-05	9.062752e-07	3.825309e-03	4.344998e-05	
0	6.055747e-05	1.863527e-06	2.763921e-05	1.906598e-05	6.614401e-05	8.883241e-07	1.874936e-05	9.994335e-06	6.835462e-05	2.263255e-06	7.765805e-05	2.326355e-05	6.181640e-05	1.280032e-06	3.562637e-05	1.065456e-05	
1	6.926414e-05	5.552292e-07	2.986967e-05	1.368904e-05	6.888660e-05	8.210098e-07	4.453226e-05	1.693794e-05	6.652619e-05	1.027291e-06	2.820614e-05	2.381630e-05	6.174467e-05	1.542857e-06	1.078485e-05	9.110307e-06	
2	6.303082e-05	8.408795e-07	4.555498e-07	3.632549e-05	6.722081e-05	1.257876e-06	5.009098e-05	2.714775e-05	6.619661e-05	1.744211e-06	8.559018e-05	5.220561e-05	6.064963e-05	2.287510e-06	2.580999e-05	1.961705e-05	
3	6.851171e-05	2.149065e-07	1.579901e-05	1.714207e-05	7.123386e-05	3.234092e-07	6.052807e-05	8.394654e-06	6.998690e-05	8.818582e-07	3.815121e-05	6.415372e-06	6.731645e-05	3.162461e-07	5.026889e-05	1.625896e-05	
4	7.308039e-05	1.147222e-06	3.822945e-05	1.313151e-05	8.915387e-05	4.889889e-07	-1.262901e-04	8.492232e-05	9.787101e-05	1.587990e-06	-2.649035e-06	6.046095e-05	8.377148e-05	1.763582e-06	8.858244e-05	3.187079e-05	
6	6.479155e-05	8.111092e-07	6.637640e-05	1.196481e-05	6.413818e-05	1.557713e-06	3.564885e-05	4.245979e-05	6.554316e-05	1.053412e-06	3.821730e-05	1.507302e-05	6.089889e-05	6.837604e-07	2.475605e-05	1.931491e-05	
8	7.161064e-05	1.969644e-06	-4.165428e-06	2.586575e-05	7.134827e-05	9.267993e-07	2.846635e-05	1.902281e-05	6.998884e-05	1.037645e-06	3.119266e-05	1.549308e-05	6.911801e-05	1.166606e-06	2.314882e-05	6.882783e-06	
9	7.165121e-05	1.214442e-06	-2.101527e-05	1.398862e-05	8.000809e-05	1.127584e-06	5.764033e-06	3.922548e-05	7.237942e-05	1.351747e-06	3.666698e-05	3.081300e-05	6.917369e-05	9.745979e-07	-2.402571e-06	1.881334e-05	
0	7.042873e-05	8.893202e-07	-2.630396e-05	2.786892e-05	7.202566e-05	1.834507e-06	-2.700166e-05	3.519076e-05	7.178553e-05	2.097529e-06	-2.369321e-05	1.861697e-05	7.042338e-05	7.008607e-07	3.212478e-05	1.671087e-05	
1	7.165302e-05	1.210520e-06	1.105046e-05	2.949265e-05	7.055327e-05	3.181313e-06	4.804945e-05	5.490146e-05	6.952126e-05	1.290411e-06	-7.534136e-05	6.564651e-05	6.617589e-05	9.171765e-07	-4.177481e-05	6.139695e-05	
2	7.038155e-05	1.845720e-06	5.734250e-05	3.737502e-05	7.392949e-05	3.574591e-06	4.616120e-05	2.927917e-05	7.155279e-05	6.710447e-07	7.200074e-05	5.861445e-05	7.166806e-05	6.949570e-07	1.350840e-05	2.182520e-05	
3	7.443921e-05	1.116985e-06	2.783737e-05	2.055812e-05	7.071644e-05	1.133703e-06	-5.362740e-05	3.984894e-05	7.357279e-05	2.182780e-06	-4.018193e-05	4.999553e-05	7.360245e-05	2.038839e-06	9.758131e-07	3.075719e-05	
4	8.989093e-05	5.588707e-06	1.688854e-04	1.903091e-04	1.012661e-04	5.037427e-06	1.096858e-04	1.408650e-04	1.091875e-04	2.999557e-06	-1.777363e-04	4.857802e-04	8.930030e-05	2.544174e-06	-5.788895e-04	2.619229e-04	
6	6.975471e-05	1.109214e-06	-5.265456e-06	2.439706e-05	7.343745e-05	1.886928e-06	6.697280e-05	1.449483e-04	6.994805e-05	1.370846e-06	-3.954042e-05	1.090637e-04	6.841669e-05	1.219963e-06	7.878278e-05	5.114086e-05	
8	7.278714e-05	2.059480e-06	-2.016937e-04	2.118837e-04	-1.178476e-04	1.375376e-05	2.822494e-04	4.973273e-04	-1.798719e-06	2.523676e-05	1.528210e-04	3.445962e-04	7.052446e-05	1.830422e-06	1.232261e-04	3.758946e-05	
9	8.165472e-05	1.690186e-06	-1.269921e-05	6.525689e-05	8.597043e-05	2.568668e-06	9.826690e-05	1.153422e-04	9.476126e-05	3.617759e-06	-7.748356e-05	1.850253e-04	1.471667e-06	3.353113e-05	5.511176e-04	3.571855e-04	
