0	1.611367e-05	1.414400e-06	1.749961e-03	4.485603e-04	1.851215e-05	3.242070e-06	2.317749e-03	8.895495e-04	2.345135e-05	2.898510e-06	1.704793e-03	5.094922e-04	1.399021e-05	2.139932e-06	1.089854e-03	2.760280e-04	
1	1.584406e-05	8.575413e-07	1.310977e-03	6.610971e-04	1.663009e-05	2.871502e-06	2.588461e-03	4.379476e-04	1.958852e-05	3.090467e-06	2.789288e-03	2.835538e-04	8.515705e-06	2.017721e-06	1.301032e-03	7.600035e-05	
2	2.063184e-05	1.143359e-06	2.193613e-03	8.308340e-04	2.472390e-05	2.690121e-06	2.682940e-03	6.125681e-04	2.948950e-05	9.949423e-07	3.289013e-03	4.703517e-04	1.813530e-05	1.385223e-06	2.528773e-03	5.584121e-04	
3	1.958832e-05	2.052830e-06	3.111077e-03	4.863647e-04	2.170349e-05	2.029292e-06	3.577550e-03	1.259894e-04	1.330687e-05	1.747033e-06	2.960800e-03	2.775732e-04	1.970175e-05	1.253669e-06	2.440582e-03	4.737779e-04	
4	3.795864e-05	1.580838e-06	2.106126e-03	3.900396e-04	5.948504e-05	5.327534e-06	9.796563e-04	9.558967e-04	1.085280e-04	7.065965e-06	1.327267e-03	7.364962e-04	3.404106e-05	9.267392e-07	2.080428e-03	8.279403e-04	
5	5.033155e-05	3.335416e-06	2.514013e-04	4.175843e-05	6.357420e-05	1.512331e-06	8.149064e-05	1.025290e-04	6.049477e-05	2.247172e-06	1.788187e-04	4.818403e-05	4.233456e-05	3.041747e-06	1.652545e-04	2.866995e-05	
6	1.033559e-05	2.359554e-06	3.260190e-03	6.313614e-04	1.109188e-05	2.167702e-06	2.440503e-03	3.478366e-04	6.830676e-06	1.208019e-06	3.002399e-03	3.065865e-04	2.042611e-06	5.069754e-07	1.967232e-03	3.119296e-04	
7	3.641831e-05	5.353658e-06	9.232005e-04	2.827372e-04	4.585157e-05	2.238520e-06	1.147479e-03	2.881331e-04	3.957178e-05	1.933175e-06	4.346582e-04	1.555579e-04	2.258683e-05	3.486855e-06	6.590353e-04	2.014673e-04	
8	8.919067e-06	3.028647e-06	1.992759e-03	8.470956e-04	1.486671e-05	5.082956e-06	3.562928e-03	2.142609e-04	6.646245e-06	2.273033e-06	3.466335e-03	6.271508e-04	6.955728e-06	3.203709e-06	1.925479e-03	6.659238e-04	
9	2.331636e-05	3.053574e-06	4.063276e-03	4.326332e-04	3.844044e-05	3.351782e-06	2.691266e-03	5.102327e-04	3.029908e-05	3.396184e-06	3.411952e-03	5.725794e-04	1.263335e-05	1.889988e-06	3.914107e-03	3.367110e-04	
0	9.894138e-06	9.247288e-07	1.187111e-04	1.883070e-05	1.114854e-05	1.019840e-06	1.188863e-04	9.010555e-06	1.518806e-05	1.139351e-06	1.738598e-04	5.731819e-05	6.790836e-06	5.489578e-07	1.197770e-04	1.352763e-05	
1	6.393625e-06	7.760816e-07	1.192821e-04	8.870858e-07	7.628393e-06	6.521713e-07	1.207220e-04	2.436762e-05	8.188793e-06	1.366295e-06	1.145172e-04	1.212551e-05	7.003947e-06	1.797095e-06	9.950792e-05	1.845676e-05	
2	1.249035e-05	2.074719e-06	1.198273e-04	5.948988e-05	1.397322e-05	1.640070e-06	1.366600e-04	3.736802e-05	1.604694e-05	2.024035e-06	2.101490e-04	1.139278e-04	8.973980e-06	3.356203e-06	1.275141e-04	1.745583e-05	
3	5.388688e-06	7.531237e-07	1.114580e-04	7.891112e-06	9.401947e-06	1.037171e-06	1.554818e-04	1.943133e-05	8.543830e-06	7.145454e-07	1.418739e-04	1.925800e-05	5.470065e-06	2.724574e-07	1.258641e-04	6.321536e-06	
4	1.435844e-05	2.308402e-06	1.025747e-04	1.918936e-05	2.377762e-05	2.263990e-06	-1.582068e-05	1.304260e-04	3.001077e-05	1.268599e-06	1.147927e-04	9.408702e-05	1.582051e-05	7.620549e-07	2.020351e-04	4.066351e-05	
5	2.592278e-05	1.323628e-07	6.825048e-05	7.207981e-06	3.173879e-05	5.911925e-07	2.816456e-05	8.184499e-06	3.019117e-05	2.230806e-07	4.445052e-05	1.379697e-05	2.321353e-05	3.941067e-07	4.343905e-05	6.507079e-06	
6	2.407454e-06	3.590569e-07	1.637226e-04	1.169846e-05	4.890641e-06	7.565686e-07	1.360596e-04	1.454551e-05	1.431900e-06	9.641889e-07	1.324224e-04	7.963605e-06	2.253898e-06	9.456774e-07	1.341549e-04	3.881107e-05	
7	1.594111e-05	5.089932e-07	5.724462e-05	9.367565e-06	2.313223e-05	3.578860e-07	8.446689e-05	1.071926e-05	2.321103e-05	4.692369e-07	7.286652e-05	1.671332e-05	1.653745e-05	4.522442e-07	5.940944e-05	1.303300e-05	
8	6.910089e-06	1.048607e-06	8.749688e-05	1.975176e-05	7.110892e-06	1.116245e-06	1.162736e-04	9.597089e-06	7.421314e-06	1.755998e-06	1.118777e-04	1.242263e-05	5.310925e-06	4.260563e-07	1.079846e-04	4.151744e-06	
9	8.569777e-06	7.950823e-07	6.620480e-05	3.486206e-05	1.368911e-05	1.903133e-06	1.016534e-04	3.777059e-05	1.569188e-05	1.932902e-06	1.157298e-04	7.860576e-05	7.172181e-06	8.095160e-07	9.785553e-05	2.156921e-05	
0	1.001518e-05	6.881163e-07	6.480094e-05	3.026585e-05	1.005320e-05	1.542646e-06	5.927367e-05	3.510056e-05	1.055460e-05	1.295369e-06	7.878929e-05	3.455283e-05	8.731936e-06	7.831840e-07	1.341392e-04	9.414891e-06	
1	9.414795e-06	7.322072e-07	1.456032e-04	1.805446e-05	1.020488e-05	1.356325e-06	1.115708e-04	3.825286e-05	7.897023e-06	2.082600e-06	1.226773e-06	3.930296e-05	5.980914e-06	1.142246e-06	4.376223e-05	3.398833e-05	
2	8.747861e-06	1.378098e-06	1.364388e-04	3.589545e-05	1.335138e-05	1.894450e-06	1.362776e-04	7.137081e-05	1.148485e-05	1.742573e-06	1.152427e-04	3.524665e-05	1.246045e-05	1.321274e-06	1.002724e-04	3.576941e-05	
3	1.093090e-05	2.081060e-06	1.067800e-04	1.682373e-05	9.364709e-06	2.101848e-06	7.577033e-05	2.635840e-05	1.236054e-05	1.718929e-06	8.097966e-05	4.654249e-05	1.007620e-05	1.169647e-06	8.752656e-05	4.099355e-05	
4	2.779337e-05	3.839291e-06	3.130025e-04	1.466474e-04	3.819131e-05	2.996656e-06	1.292862e-04	1.712296e-04	4.462541e-05	5.133489e-06	-3.098780e-04	3.271281e-04	3.014369e-05	3.832362e-06	-4.929699e-04	1.407933e-04	
5	2.943592e-05	3.301668e-06	2.749728e-04	1.511747e-04	5.227350e-05	8.524337e-06	5.481561e-04	3.392024e-04	3.623741e-05	9.640991e-07	6.470632e-04	1.530169e-04	2.408290e-05	1.077657e-06	4.255252e-04	4.275047e-05	
6	9.313512e-06	1.030813e-06	7.770267e-05	2.719142e-05	1.086386e-05	2.866659e-06	1.930168e-04	5.746720e-05	8.150496e-06	4.889203e-07	3.300769e-05	6.498226e-05	5.417762e-06	1.281290e-06	1.384552e-04	3.708910e-05	
7	3.269354e-05	2.400962e-06	2.544233e-04	1.553745e-04	3.645450e-05	3.540974e-06	1.079344e-03	2.136722e-04	3.185534e-05	2.393957e-06	6.210273e-04	1.747329e-04	2.015455e-05	1.856309e-06	6.040559e-04	1.739877e-04	
8	1.236147e-05	1.606629e-06	1.599851e-05	1.670358e-04	-1.601765e-04	7.927057e-06	5.166399e-04	4.452632e-04	-5.018573e-05	7.135340e-06	3.178453e-06	5.376368e-04	7.983918e-06	9.713035e-07	1.757920e-04	5.309603e-05	
9	1.701692e-05	1.249114e-06	1.218828e-05	4.647151e-05	2.451801e-05	5.775571e-06	1.392440e-04	7.566963e-05	2.965357e-05	1.272059e-06	1.142264e-05	1.398208e-04	-1.758234e-05	1.548306e-05	6.259255e-04	2.988558e-04	
