1999.08	3779.93888365497	2633.54551636483	296626049.117376	45762.0967775283	1.69522716349201e+29	2.32781466426014e+15
1999.09	5.09067911604878e+34	3.10622075156616e+34	3.40087341279026e+34	6267.61005977492	5777.99361556915	6437.96337882481
1999.10	6891.41225534956	5454.82837837251	7446.44010013146	20309577.7022079	5702.36633523735	7182.54709195688
1999.11	5706.30166164247	6814.76734666775	6436.49851963297	6162.75232550708	6351.10739117075	6884.91626872039
1999.12	6407.66918806876	3.32521359958333e+23	6986.82378018648	6454.74985495996	6208.76179134006	7031.16894769089
2000.01	6636.07300967557	6219.30902677112	7091.63489242053	6432.22061330826	6408.93161184755	6878.03300614075
2000.02	5569.77951477872	5640.75929032515	6349.50933099725	5059.68363093708	6136.00594231983	5833.65948227708
2000.03	6607.06434667358	6263.15962960985	7065.48101277475	6334.91513265587	6535.42876087791	6784.72608243177
2000.04	6170.18077046413	5851.72940004689	6714.08349448692	6222.48248329717	5786.4214149163	6756.56124098697
2000.05	6939.45786503116	5910.38466144379	7096.77790080425	6632.28159157466	6215.14315471632	6781.20215071075
2000.06	6463.42817592559	6200.7096561624	6309.74178816864	6799.00606375436	5867.55287904954	6634.35046670172
2000.07	6734.71416850068	6360.521100798	6592.1598259703	6964.08056841025	6128.15267544386	6812.46021412396
2000.08	6666.44696743657	6244.73457715901	6927.57000079936	6592.5848604479	6320.40359748403	6841.13324758782
2000.09	6118.62222083988	6055.8356562379	6904.16559924931	6173.70597175509	5986.53233281979	6958.40449888797
2000.10	6920.42210529164	6704.63305389797	6014.54403591187	7177.98273179391	6438.78758426006	6263.94100888809
2000.11	5939.6982461195	6691.89233408413	6441.47919324931	6125.09586229041	6500.154876115	6619.18896272449
2000.12	6243.49947035809	6516.51165834667	7766.57526958733	6104.88260427634	6645.47458650751	7625.90914339447
2001.01	6963.08785866988	6503.68971222515	6137.77239368027	7257.74320786199	6207.16869905591	6433.13906898098
2001.02	5894.42810325697	5504.30862242605	6619.18655986246	5558.83017285541	5831.08623668044	6276.14538043737
2001.03	6232.23962972479	6814.57655231795	6593.41545228267	6391.88504808044	6637.81493574939	6747.56749142944
2001.04	5738.35146051333	5388.08577645384	6394.68424455139	5505.08999922513	5571.19514935888	6177.01515811104
2001.05	6420.36615462477	5444.58884807925	6744.21687335438	6153.40115526111	5705.11984793345	6474.05811669636
2001.06	6122.89792386856	6379.41596717305	6364.51419490038	6637.63561354862	5864.29600165039	6867.9657788837
2001.07	6262.49439861914	6078.04624386463	7348.66645639928	6372.0738326134	5946.52552117851	7452.42986905845
2001.08	6659.77037394533	5910.67835430554	7309.44784424117	6412.21933063659	6130.3438787481	7063.44473014399
2001.09	6271.20641752849	6342.46787094459	6436.75939598182	6492.5799491004	6112.47501594656	6658.70223069895
2001.10	5974.57283343333	6509.52810777077	7433.78969508079	5735.1126797993	6746.2353886995	7185.7819168965
2001.11	6291.60696682189	6869.57078073629	5963.60128898092	6179.62651557287	6972.67014720872	5847.03160182057
2001.12	6000.94972984907	6686.68485781634	7049.39159837551	6100.87552141812	6586.24047099881	7141.19004019598
2002.01	6473.86478321803	6136.04061199208	6989.8929116521	6863.92784841892	5741.11959756083	7363.67286149655
2002.02	5700.84658195616	5805.70594938925	6534.37865433884	5350.61382665113	6151.04475961998	6173.50720693295
2002.03	7208.62079783157	5361.80964712013	7866.97253674725	5874.71152879339	6685.74650341211	6524.89707758128
2002.04	6168.86834341361	6043.98403493067	6905.59417729307	6213.75172953101	5983.88770140211	6948.14962656403
2002.05	7199.62516419671	5158.38258588666	7619.82023093436	6824.62126000701	5531.20715732065	7240.72449795736
2002.06	6246.04364641963	6454.962732616	6761.79516415008	5583.4287012683	7116.7725527624	6093.55883511383
2002.07	6597.16193510509	6287.8832988412	6764.90966988345	6719.85488302591	6145.72665775362	6879.21605253923
2002.08	6611.9869326175	5946.2890558041	7201.3428731093	6629.66572230061	5909.5802288337	7211.49461397731
2002.09	5967.29874428031	6626.48237210092	6319.68355895579	6313.24169564536	6267.99781009886	6665.57062498687
2002.10	7029.49414093751	5468.59153471638	7404.01256316237	6685.25170301977	5791.32813993387	7055.13315349025
2002.11	6694.63372240382	5591.39618967413	6783.01208293831	6804.2162558426	5469.08442394517	6886.16093635228
2002.12	7315.04946821141	5502.01133902496	7087.09000500913	6979.06236745582	5829.84546851905	6749.05011866946
2003.01	7189.25805134119	5555.99836485684	7270.99710882332	6694.97885474957	6030.03766480668	6771.07646092952
2003.02	5817.58367757003	5369.42898855448	6369.43081292008	6385.62963383231	4789.52188629699	6928.46058984577
2003.03	7017.52477605041	6271.27496257093	6651.14610832267	6582.14533022212	6688.30400716372	6208.97140649127
2003.04	6644.63210341158	6284.12381448845	6091.49505737052	6894.3860421396	6034.83312842746	6336.0274764316
2003.05	7104.29987764462	5359.54298773068	7536.19833510659	6651.35150231068	5781.53968117954	7074.94816873968
2003.06	6355.2075076931	5660.87638694007	7205.31012906962	6013.08705259943	5999.43090472329	6853.51943310992
2003.07	6353.32973013405	6401.94460500787	6879.43882298356	6442.84438650594	6299.02334629515	6965.01138985323
2003.08	7669.08514803985	4671.41525263681	7656.57069817765	7202.34310572885	5107.72951889742	7178.02944156312
2003.09	7289.86899071756	5081.65808834068	6859.265401733	7064.46376133028	5276.23108261822	6624.53418979805
2003.10	7121.64061610566	5428.01713972248	7418.62456411848	6733.34201742647	5808.9213887037	7017.53150715234
2003.11	6836.91407136163	5322.64235859776	6982.40843222208	6821.87168044162	5330.45346633075	6962.07818330286
2003.12	7006.06892124936	5910.64319758987	7137.55590629992	6380.9984580115	6517.98939779723	6499.90601448652
2004.01	7077.07921148784	5814.76052358499	6852.41292832119	6909.01225396389	5977.0898635019	6680.89013288647
2004.02	6562.23897274894	4798.26954462607	6758.07881250015	5840.98140312539	5490.30003096154	6032.12271611351
2004.03	7093.23966824464	5820.8645489489	6984.27944324943	6685.16318568835	6219.8887517535	6562.09988695673
2004.04	6606.07785829198	5885.36392096452	6598.22599864731	6503.67096188872	5980.29374486995	6484.68153569237
2004.05	6701.95791934213	5937.7907880852	7230.6283406224	6387.53394283002	6239.93706518908	6907.83752060515
2004.06	6712.43487006274	5621.3861190199	6962.55732322247	6195.66145719712	6119.45233591702	6439.40304362591
2004.07	6630.39442756492	5935.41039750343	7182.69289099548	6468.78544656199	6097.39256213853	7012.77090193538
2004.08	7160.72738552114	5585.8597229077	7363.70326481305	6301.79788163955	6429.32915577045	6499.47354464543
2004.09	6344.97619620503	6020.67859060524	6551.5365568031	6600.86372266504	5767.02828224862	6801.74707383872
2004.10	6990.25193031046	5858.4682538257	7100.49430056281	6561.14326941491	6264.29282843135	6664.13976701266
2004.11	6964.14411529192	5629.4705903921	6800.5784562143	6256.85914400345	6341.97228333726	6085.93509912098
2004.12	7082.94431872758	6375.06499128096	6986.48554959433	6673.58965388561	6755.61082065167	6577.35388872441
2005.01	6797.3432736136	5599.23469242795	7374.81840672458	6415.62661601314	5966.84392489306	6981.4376524005
2005.02	6109.84994408655	5154.572625927	6640.82492990874	5574.67182927098	5679.7882744791	6099.39820763297
2005.03	6787.73286019638	5953.7782634687	6916.64890785557	6726.9913918523	6003.62545406695	6855.28380470903
2005.04	6527.12896136939	5907.1211684689	6528.79392961959	6650.92099062993	5765.75563722291	6639.67446354529
2005.05	7248.24934084051	5941.50552829397	6758.42223153822	6703.7103502208	6453.08548726701	6214.94327580185
2005.06	6047.18117566821	6162.71807575885	6636.07953860321	6317.24677856598	5896.93868672879	6894.81094617735
2005.07	6819.74050116746	6063.18988708821	7098.53293889117	6154.86851996308	6719.78522442758	6430.21242359033
2005.08	6451.92975086699	6573.18558974959	6718.10136321519	6298.46117259479	6706.09564285371	6568.67199582524
2005.09	6080.41055014185	6373.23575044667	6473.91867634839	6284.43064419057	6152.45803780149	6670.35716428928
2005.10	6783.31922049862	6018.68153932753	6669.79921860863	6855.60850593551	5906.0724610974	6736.26544808058
2005.11	6914.5174689807	5345.16863936228	6990.6908653364	6192.29567080404	6081.52406790086	6260.08547010933
2005.12	6784.52892556994	5978.6573868278	6837.38868716908	6495.96076714247	6257.47771475604	6526.34495030849
2006.01	6819.98557198968	5879.67069749286	7078.74019975971	6405.54739150193	6270.91278170091	6665.71148403289
2006.02	5656.08039777271	6056.00104687746	6029.17202048656	5552.87690003504	6158.28215609656	5915.71971502796
2006.03	6344.9143753979	6006.74897307241	7379.56381278753	6194.1753758697	6150.34068382759	7220.74839283771
2006.04	6268.82418475674	5725.23106928724	6906.71352003122	6411.85326321403	5573.13334188487	7046.4362557488
2006.05	6670.93091746394	5637.34923203703	7479.72383968219	6398.08772620864	5893.75259428161	7187.4433794508
2006.06	7026.35283719168	5202.88937215135	7109.32220367839	6374.38570834282	5852.70133865935	6455.36627939126
2006.07	6789.62174228061	6063.44258766342	6979.38717168218	6448.64162623386	6377.90098138525	6644.18887074695
2006.08	6097.78246069451	6652.36978583605	6772.75320317847	6427.42871100889	6299.93075223077	7094.51546847944
2006.09	6933.09329928798	5600.66939785291	6645.55097243852	6643.90245924931	5849.73142158676	6353.49062484233
2006.10	6849.88612896743	6147.69604151043	6697.34088381545	6807.05438789684	6182.21623128714	6645.35664688186
2006.11	6614.66805054952	5621.37720026139	7195.71269141903	5814.99980902981	6413.62836034698	6379.25473026972
2006.12	7415.06268866396	5359.10742339098	7400.49924291049	6319.63827570092	6410.22718023715	6297.79948315603
2007.01	6672.17205606898	6105.23903919186	7137.5500912896	6196.34246493918	6556.92410644998	6650.72484694763
2007.02	6064.39945479731	5503.80505859843	6202.63618228449	5980.26722745639	5569.26293148897	6105.67551226396
2007.03	6524.45383697769	6139.0735855426	7033.46910010433	6291.11595182163	6338.1126904947	6788.36957625217
2007.04	6631.13404553735	5636.37407942178	7141.92275951247	5861.44137295997	6376.91820545578	6375.21499675833
2007.05	6566.86150781974	6248.17207707867	7079.97987360497	6162.69180916374	6626.65171201371	6664.34914924949
2007.06	6899.17465212766	5321.5111155005	7219.27119018283	6111.25885919565	6096.76160500157	6416.6057471547
2007.07	7976.17236130188	4758.70320341622	7717.03744699948	6354.66160588198	6357.19297293077	6094.9112081358
2007.08	7482.27320855752	5115.06765933823	7706.95784651032	6265.52559832628	6294.77828296218	6480.2829682231
2007.09	6450.19415448648	6083.16146064986	6596.45450694578	6091.1792872159	6457.53306135826	6215.15441997142
2007.10	7329.96595104163	5252.88889571217	7562.24596042186	6567.08966268744	5988.58970379974	6796.33910413677
2007.11	6181.32374703472	6077.86538553218	6839.31067264122	6028.38430147964	6220.09050259491	6675.57877018872
2007.12	7494.70375095551	5205.81544750515	7551.75959782396	6127.55837539003	6529.52809830983	6172.67473971698
2008.01	7368.83004418802	5149.25331017438	7664.01186749059	6177.56781626053	6306.76257120745	6456.06109345446
2008.02	6065.54568739981	5264.86009949859	6509.12443987147	5736.61568392069	5578.56199680092	6166.45946428293
2008.03	6884.1347136005	5519.17401768261	7401.18304588667	6487.0793882845	5894.1769047189	6990.62049182639
2008.04	7148.07138178249	4754.51755464076	7904.08762805061	5647.14716392072	6215.44118317832	6398.36859551154
2008.05	6862.00985548977	5823.52547645528	7030.41113804839	6596.06556818138	6050.51475780127	6759.34230323383
2008.06	6379.44629476177	6267.74697714631	6244.28058519918	6458.02773716363	6179.66503466687	6303.85237397678
2008.07	7220.58202119172	5351.07542398653	7555.59915440157	6321.82075403052	6227.01751572761	6643.910574044
2008.08	6991.18229150482	5149.92635725438	7301.42999751327	5903.36483016937	6230.19898193768	6043.7655450865
2008.09	6695.82017108963	5621.60212683429	6826.76507400205	6443.33588519563	5862.04882031514	6572.77890895101
2008.10	6458.00623869895	38308237713.5958	6932.51593641068	6312.26342597117	6459.17505958759	6769.96428886014
2008.11	7389.69676056518	4799.40584984017	7243.909200923	6223.80287140314	5920.98563983478	6074.29413524278
2008.12	6790.45909632929	6094.91338027425	7204.89649136012	7052.20994766677	5802.52781536266	7464.94166396703
2009.01	7454.44090410343	5285.18939242511	7124.98245094815	6524.44927133982	6172.1030357595	6188.59298056198
2009.02	6047.79686453443	5541.15547591117	6071.38730517722	5943.92918594282	5637.78147238901	5951.93065710158
2009.03	7229.95748283629	5416.63666722883	6911.05620002746	7322.60651456689	5296.53451083559	6997.85469302359
2009.04	8051.50822628506	5015.83374300351	6358.20974621301	7316.1556716598	5715.734343334	5624.61091513279
2009.05	6641.62698975536	6528.38081306467	6224.05975998188	7137.01454230539	6023.80256958365	6720.78439350913
2009.06	6576.53805819324	5849.14227909678	6660.76079903947	6319.05553177663	6105.35451408403	6396.20168153523
2009.07	6844.96986527554	5768.7836123613	7034.93341510525	6817.64064038566	5785.2478640156	6995.18720978002
2009.08	7272.25631235476	5565.75086896287	7413.95881030305	6142.75920242806	6644.82735154737	6276.1615033633
2009.09	6039.06120701476	6120.12082141473	6923.53913019183	5708.49345027277	6430.54604654129	6581.77520818553
2009.10	6755.35405118456	6439.45293219843	6419.23721268274	6704.92096305866	6479.36167959093	6353.05584266574
2009.11	6290.64986658458	6204.34836348125	6346.77180294216	6289.82601685248	6188.32604971568	6331.40234086549
2009.12	7095.09221137822	5826.21882271578	6884.96437759925	6491.94027803402	6437.88210469898	6267.41245616206
2010.01	6299.57269984686	6851.82945581317	6158.06506650999	6759.72970910535	6392.44195165328	6606.87966675766
2010.02	5961.29825690509	6080.40909537694	5511.87942116912	6197.52383486058	5841.91031253749	5753.22486820361
2010.03	6884.02003028628	6446.11931820121	6437.63073212456	6554.40493199588	6765.14055495357	6098.06422672959
2010.04	6782.5289707756	6209.12340176188	6181.75927079012	6352.85793142349	6627.01281609988	5743.92832364183
2010.05	52193052.1130361	1.71276619270834e+18	6403.90261252058	6736.31521187485	6348.81924422271	6593.16794869118
2010.06	6627.95487675542	6313.86884926757	6069.73315900896	6518.39365335016	6421.59841135391	5954.53981999657
2010.07	6688.78002923623	6427.88472896318	6409.67601075116	6973.60294541552	6149.74809674774	6682.41476688782
2010.08	6454.78381579628	6280.50257086764	6830.06218760089	6675.87613946985	6053.67884131996	7038.97695237393
2010.09	6658.15777310242	6307.71703236996	6183.75139210673	6453.81768130335	6502.07099939261	5974.10071846014
2010.10	6378.2703574277	7099.01184251195	5965.89689023917	6763.59061766022	6711.49542637645	6332.57380456934
2010.11	6230.96438200597	6617.79028116973	5912.0802271943	6556.50800063502	6295.9012869702	6220.70977193809
2010.12	6289.74306798146	6679.29004381805	6536.39068527559	6549.29872057028	6412.09526057749	6783.40018001767
2011.01	6526.63024458714	6142.61980348291	6869.71033281419	6623.25328795291	6023.46903247551	6974.69328658862
2011.02	5656.46996048703	6129.34264389053	5624.50277979869	6211.21714725452	5564.14439305766	6165.71595792803
2011.03	6372.82314491947	6334.75934634316	6705.15989609124	6702.78967307797	5985.75704113921	7022.27715063426
2011.04	6340.12760296878	6145.71379848548	6062.82614992797	7214.20343981713	5248.62722570944	6944.2206355621
2011.06	6645.37541745562	5524.3329781683	6884.10615023381	5974.53974146727	6173.75323608537	6205.77095079256
2011.08	7110.53985580854	6064.90596257564	6639.78754148094	6955.30385147614	6230.42146554568	6461.2616266125
2011.09	7196.64913238812	5417.16253029373	6933.46028468841	6298.97816220754	6289.75940551853	6033.74925423652
2011.11	6068.0846834663	6193.65814268794	6660.90287636611	6108.32161726272	6126.696068047	6701.50271522462
2012.01	6159.85517312876	7028.60457065633	6215.70948195787	6582.98573814457	6606.67827822793	6631.92700552956
2012.02	6420.76566465439	5744.27934527997	6294.5978886242	6113.83014431617	6054.87791210972	5988.68331201665
2012.03	6345.74510700752	6084.18113327476	7172.35521985923	6182.03183486624	6233.73552243671	7009.52491742269
2012.04	6533.430223041	5960.12475632566	6682.84100448527	6108.95501326842	6368.83056792116	6247.88246450076
2012.05	6409.707081321	5902.41657093808	6711.89134070278	6006.81706854659	6287.4383083347	6290.06529592722
2012.06	6037.80687281913	6639.39533229134	6120.09467052751	6340.13150411264	6318.97262219008	6405.71108504219
2012.07	6974.29086932394	6542.31185895618	6320.43239169382	6530.75212241627	6985.90068479834	5863.83831729056
2012.08	6573.53380495175	6629.66838760742	6488.59658385068	6519.89110720644	6658.05020938482	6427.29086031325
2012.09	6555.05640597455	6222.19449208512	6717.19353338981	5553.24368262549	7210.90906132386	5696.2657977533
2012.12	6603.28773225161	6867.1451815384	6543.24028139081	6900.83653569014	6540.4199575683	6835.06850972731
2013.01	6242.64149039334	6842.11982043718	6195.79672104827	6864.02825435166	6195.79060184675	6803.95790693371
2013.02	5281.28537575001	6017.81909162283	5975.44685248079	5938.61595221547	5341.43639515454	6621.92091802134
2013.03	7046.70587060901	5888.32659592233	7011.91371681479	6260.47922087213	6662.73389997458	6216.97838869438
2013.04	5936.82733705299	6908.23668368689	5891.70515643929	6384.2911525199	6433.84484573226	6340.10565036027
2013.05	8075.03012931823	4596.8992667155	7738.29286407721	6533.45383434758	6103.83160637867	6190.94438220361
2013.06	5946.66242311108	6549.02094784616	6448.67586515388	6059.1088418257	6452.38061644884	6543.13889112344
2013.09	7027.57666519068	5351.4361644339	6960.64138800475	6217.4903560989	6154.56725743475	6133.52743335957
2013.10	6366.65966481298	6868.24811553083	6384.28502480996	6334.66693765338	6916.18940646408	6324.93764619111
2013.11	6428.76538446877	6461.59906542342	6126.54039770966	6336.83845521096	6547.92411864776	6005.26461586636
2013.12	6526.86208976484	6240.07027884507	6830.9256140719	6521.18558179858	6249.00146102408	6808.72771989647
2014.01	7367.11760457191	5413.61522466007	6907.9007472786	7057.27589245554	5726.86214402691	6593.79032701373
2014.02	4897.71706959698	6461.89755228327	5939.32580620132	5744.11522538857	5600.69526241167	6774.13868212369
2014.03	5680.93654830495	7765.98720268575	5821.15130709505	6355.44450870889	7088.47549641535	6478.86172562749
2014.04	6436.82475079213	6874.8982149764	5800.04037359047	6246.03499682207	7052.55517988423	5602.33947062715
2014.05	7874.06849063766	4754.44306490612	7918.69904622725	6286.44100032167	6288.45896173165	6322.59135049665
2014.06	6527.65455396618	5501.84734241404	7135.29529996404	6169.46737638034	5838.90420695808	6774.15809527888
2014.07	6432.84930877596	6408.438275964	7046.85829052257	5930.5312487781	6898.3588060896	6532.85341949199
2014.08	7896.54249641879	4871.78137935926	7258.10706254467	7270.91325768818	5474.16972232284	6619.31828120224
2014.09	6863.38614404	6246.80359369	6576.84915787	6786.74437223	6288.53246699	6503.70321959
2014.10	6074.65585373	6591.08759572	6369.90888802	5935.67358512	6724.30130607	6230.85142468
2014.11	5563.07432426	8744.21925623	4663.29524669	7090.39141868	7202.8005674	6172.88657187
2014.12	6048.74423906	6741.56200452	6090.03843377	6271.14581318	6502.35983505	6310.77826786
2015.01	5558.24868734	7729.30598238	5437.5922653	6811.7329388	6462.11191454	6674.61152846
2015.02	6162.95758549	6421.66684069	6907.43953638	6332.69756006	6207.29298301	7069.43093944
2015.03	5696.11719193	6351.88794882	5422.58894649	6156.6109118	5864.55496105	5884.74287864
2015.04	6819.98354841	6129.3066085	6455.09021137	7417.2754959	5507.26194224	7056.68922978
2015.05	6428.19842923	5791.51473393	6823.54943301	6437.13826746	5767.79461271	6821.63838617
2015.06	6128.35050282	6533.11093486	7005.98787183	6148.30997372	6495.44279354	7016.93872113
2015.07	5841.97134005	6840.00465498	6182.11655286	6129.2427537	6531.86014103	6464.00185759
2015.08	7090.41516911	5863.02537921	7120.0080726	6326.96732659	6582.09227894	6354.32677591
2015.09	6415.81265506	6831.04415445	6367.03146372	6505.80447142	6740.76968868	6441.24198765
2015.10	8.02427912847e+21	6783.34127508	6067.31105971	5697.54417079	6932.93874517	5906.94242234
2015.11	6520.80337892	6896.25677366	6097.62539091	6743.57014475	6657.44740991	6299.74642586
2015.12	4846.18141	8449.33027741	4885.20322645	6280.51267313	6986.85339114	6288.87211781
2016.01	6784.09716727	6211.99573413	6672.66183873	6624.63449547	6358.42919197	6504.91280739
2016.02	5635.07655831	6890.39855063	6670.00398653	6344.36313321	6152.52382399	7376.89946142
2016.03	827701684780.0	6738.9738196	5774.27991832	5934.23240876	6124.1896981	6360.66615762
2016.04	6382.70514643	6272.25956614	6687.19046849	6666.91641025	5954.1066954	6979.18228091
2016.05	6266.38686325	6156.68582264	6599.551986	6062.63510776	6350.19674662	6377.4710873
2016.06	7227.07749236	5655.97848251	6829.98591675	6886.15574578	5996.04461703	6476.24349775
2016.07	7089.03137807	5246.39129191	6999.04604935	6234.87253119	6100.50885237	6148.93381266
2016.08	6990.38246092	5624.55939249	7390.26488081	6209.84832653	6398.11025537	6596.41331708
2016.09	6795.89849172	6221.7221844	6847.40631165	6362.17688095	6612.491402	6418.37185559
2016.10	6974.70918847	5476.8903057	6789.88381569	6319.65284716	6113.73153294	6137.09225812
